"n_1"	"mean_1"	"sd_1"	"n_2"	"mean_2"	"sd_2"	"time"	"lower_1"	"upper_1"	"lower_2"	"upper_2"
2	0.991776281052017	0	2	0.908172548068568	0	-93	0.991776281052017	0.991776281052017	0.908172548068568	0.908172548068568
2	0.981565540253832	0	2	0.937782916244581	0	-90	0.981565540253832	0.981565540253832	0.937782916244581	0.937782916244581
2	0.970134297844635	0	2	0.926503176970314	0	-87	0.970134297844635	0.970134297844635	0.926503176970314	0.926503176970314
2	0.973442516422161	0	2	0.898192395536944	0	-84	0.973442516422161	0.973442516422161	0.898192395536944	0.898192395536944
2	0.960569328480911	0	2	0.892173316031708	0	-81	0.960569328480911	0.960569328480911	0.892173316031708	0.892173316031708
3	0.959965988745608	0.00566759412147438	3	0.892236326880257	0.000350276507851954	-78	0.956693801753917	0.963238175737298	0.892034094644158	0.892438559116356
4	0.960258724332134	0.00407139707778463	4	0.838805457561324	0.140662297517754	-75	0.958223025793242	0.962294422871026	0.768474308802447	0.909136606320201
4	0.961305179417566	0.00436659263464589	4	0.879078258025869	0.159332298642769	-72	0.959121883100243	0.963488475734889	0.799412108704485	0.958744407347254
4	0.961167995775193	0.00589284769952734	4	0.881985068906309	0.143755179084025	-69	0.958221571925429	0.964114419624956	0.810107479364296	0.953862658448321
4	0.961901576849162	0.00910840728754791	4	0.884623091592807	0.129953482558454	-66	0.957347373205388	0.966455780492936	0.81964635031358	0.949599832872034
4	0.960011157324033	0.00973187173091555	4	0.883603822937503	0.130743140653912	-63	0.955145221458576	0.964877093189491	0.818232252610547	0.948975393264459
5	0.978252745135576	0.0307696320382511	5	0.912579045200871	0.119365337572438	-60	0.964492147359539	0.992013342911613	0.859197243407035	0.965960846994707
5	0.978749274515161	0.0285174144771087	5	0.898116198450533	0.110426086697168	-57	0.965995899052491	0.991502649977831	0.848732151181702	0.947500245719364
5	0.971482643267255	0.0315091403678731	5	0.905056361343511	0.071776060710889	-54	0.957391327312225	0.985573959222284	0.872957131162171	0.937155591524851
5	0.979224500958049	0.0300874098468313	5	0.922785681911017	0.0758200169396008	-51	0.965769002221167	0.992679999694931	0.88887793952459	0.956693424297444
5	0.981631142156262	0.0297477791376956	5	0.94647857702391	0.0893953018640761	-48	0.968327530889955	0.99493475342257	0.906499782656472	0.986457371391347
5	0.983894915303601	0.0298130357982512	5	0.936386849731358	0.0761241138760808	-45	0.970562120371496	0.997227710235706	0.902343111060587	0.970430588402128
5	0.989324783219303	0.0311426640922833	5	0.980779722687651	0.0601354240052682	-42	0.975397360437145	1.00325220600146	0.95388634350134	1.00767310187396
5	0.990416115988004	0.0343931171285705	5	0.958862401894984	0.0679939178817341	-39	0.975035046416485	1.00579718555952	0.928454597406965	0.989270206383003
5	0.994406346945275	0.0364664717641592	5	0.971543831391053	0.0578414328262023	-36	0.978098044992428	1.01071464889812	0.945676356247978	0.997411306534128
5	0.995543693540588	0.0401241316793729	5	0.970351456043485	0.079408373204289	-33	0.977599636345942	1.01348775073523	0.934838951949993	1.00586396013698
5	0.999129069314959	0.0429785943463669	5	0.984351554814134	0.106899812204505	-30	0.979908457607786	1.01834968102213	0.936544505439887	1.03215860418838
7	0.984932739299007	0.0378716722057564	7	0.965820601972534	0.0823326750504199	-27	0.97061859267178	0.999246885926234	0.934701775835662	0.996939428109406
7	0.966472302765747	0.0103789874116066	7	0.944880642314816	0.0862582474345693	-24	0.96254941425835	0.970395191273144	0.912278089280509	0.977483195349122
7	0.982682174832585	0.0396293364117561	7	0.968492502317683	0.0819422917453803	-21	0.96770369358001	0.99766065608516	0.937521227200972	0.999463777434394
7	0.985564129036266	0.0413163008782311	7	0.991022840716754	0.113506519265975	-18	0.969948035148135	1.0011802229244	0.948121408979278	1.03392427245423
9	0.985827299544989	0.0348639435926425	9	1.00963511777482	0.112500556016365	-15	0.974205985014109	0.99744861407587	0.97213493243603	1.04713530311361
12	0.988953713662303	0.0296405988383175	12	0.986177006282771	0.115875154675544	-12	0.98039720980318	0.997510217521425	0.952726730410614	1.01962728215493
12	0.988640874536146	0.0313335473806829	12	1.00029845777638	0.143994190061142	-9	0.979595658528695	0.997686090543598	0.958730915579612	1.04186599997315
12	0.990005967054938	0.0314601885239221	12	0.985810771492811	0.112212351845351	-6	0.980924192898416	0.999087741211459	0.953417855720654	1.01820368726497
13	0.991171320978713	0.0291452612343502	13	1.03280301933835	0.130214745129137	-3	0.983087879915848	0.999254762041578	0.996687947001077	1.06891809167563
13	1	0	13	1	0	0	1	1	1	1
13	1.09731309617595	0.331037339162248	13	1.12235035219207	0.091059961905198	3	1.00549985768036	1.18912633467153	1.09709486282353	1.14760584156061
13	2.43565452121108	1.13132103836404	13	1.43866767205472	0.263521285428884	6	2.12188252022395	2.74942652219821	1.36558001768626	1.51175532642318
13	2.46439571177577	0.646861144511875	13	1.63761649757223	0.285680293497428	9	2.28498870988017	2.64380271367138	1.55838304014187	1.71684995500258
13	1.82595914068399	0.5169179281507	13	1.60925454016583	0.277105184104833	12	1.68259190259523	1.96932637877276	1.53239939016684	1.68610969016482
13	1.50998380525302	0.331746536495169	13	1.51498789957044	0.231291953291535	15	1.41797387080756	1.60199373969847	1.45083905363237	1.57913674550851
10	1.40254367942167	0.210721375035347	10	1.6028518129395	0.223384905444952	18	1.33590772974225	1.46917962910109	1.53221130332876	1.67349232255024
9	1.33567059990324	0.183352729587004	9	1.6034177320811	0.224952852842987	21	1.27455302337424	1.39678817643224	1.5284334478001	1.67840201636209
9	1.28867425008576	0.13434309926714	9	1.61931766355052	0.193583786183106	24	1.24389321699672	1.33345528317481	1.55478973482282	1.68384559227822
8	1.25147732108546	0.0975502109040492	8	1.59087154244106	0.182915862247233	27	1.21698811326725	1.28596652890368	1.52620101915026	1.65554206573186
8	1.21410215888523	0.0930927246613707	8	1.61087871572645	0.196230511086317	30	1.18118891044164	1.24701540732883	1.54150075319403	1.68025667825886
8	1.18208332259088	0.0906410410368711	8	1.6081158592959	0.230919550609061	33	1.15003687520539	1.21412976997637	1.52647346922379	1.68975824936801
8	1.17094250994595	0.0947267218384738	8	1.64661952504369	0.273157598189718	36	1.13745155626018	1.20443346363173	1.5500437300374	1.74319532004998
6	1.1953631308452	0.0777931441983143	6	1.79562571920421	0.194129214936978	39	1.16360421271643	1.22712204897397	1.7163727990771	1.87487863933132
6	1.19839884481557	0.0523238671365752	6	1.83696549310822	0.226871844709578	42	1.17703771550661	1.21975997412454	1.74434545035116	1.92958553586529
6	1.20859040791556	0.112195184903819	6	1.97613283129372	0.288407130495206	45	1.1627869154803	1.25439390035082	1.85839111331146	2.09387454927597
6	1.21007837307277	0.12147229711601	6	2.00577912697201	0.311659602180695	48	1.16048751543644	1.2596692307091	1.8785446271751	2.13301362676893
6	1.18596112213557	0.150632763123351	6	2.04910342852092	0.370550782229969	51	1.12446555410261	1.24745669016852	1.89782670514548	2.20038015189635
6	1.14897105243274	0.129937301768695	6	2.12212383728365	0.412398554714448	54	1.09592437111818	1.2020177337473	1.95376283233171	2.29048484223559
6	1.14816040779831	0.172055202749643	6	2.13315608072801	0.500537587968031	57	1.07791916541036	1.21840165018627	1.92881246612716	2.33749969532886
4	1.13086004073414	0.0686203195569542	4	1.88152035480982	0.288499175676471	60	1.09654988095566	1.16517020051261	1.73727076697159	2.02576994264806
4	1.17784792076184	0.127267565863472	4	1.8307458094499	0.240278057104026	63	1.11421413783011	1.24148170369358	1.71060678089788	1.95088483800191
3	1.08698918004951	0.0595736556382064	3	1.88475209328636	0.195381428272524	66	1.05259431393018	1.12138404616884	1.77194857307856	1.99755561349415
