"n_1"	"mean_1"	"sd_1"	"n_2"	"mean_2"	"sd_2"	"time"	"lower_1"	"upper_1"	"lower_2"	"upper_2"
1	0.93144181807384	NA	1	0.558067132561616	NA	-96	NA	NA	NA	NA
2	1.00243900446819	0.0516275507615142	2	0.813918546042909	0.132415821712393	-93	0.965932813228672	1.03894519570771	0.720286420573687	0.907550671512132
3	1.01303108660384	0.0175541535090676	3	0.9241281021461	0.105791088932578	-90	1.00289619134998	1.0231659818577	0.863049588473013	0.985206615819188
4	0.988170301426787	0.0355012791086904	4	0.851438559996381	0.123142346950673	-87	0.970419661872441	1.00592094098113	0.789867386521045	0.913009733471718
4	0.972998981144498	0.0477317578739782	4	0.800590718820191	0.144237685404272	-84	0.949133102207509	0.996864860081487	0.728471876118055	0.872709561522327
4	0.98196933613669	0.0401450697286912	4	0.815948962078586	0.108217191712351	-81	0.961896801272345	1.00204187100104	0.761840366222411	0.870057557934762
5	0.997266398511373	0.0178147553639257	5	0.780339037114545	0.113225670005345	-78	0.98929939771212	1.00523339931063	0.729702978128563	0.830975096100528
6	0.991378271581489	0.0409985533048111	6	0.965519435907768	0.535297301314964	-75	0.974640682283308	1.00811586087967	0.746985227756015	1.18405364405952
7	0.975325747781813	0.0608601730093668	7	0.99948903669611	0.515294796129396	-72	0.952322764563077	0.998328731000549	0.804725910632666	1.19425216275955
7	0.969217467273237	0.064981218699974	7	1.00288053198451	0.54241939628304	-69	0.944656875191804	0.99377805935467	0.797865270718404	1.20789579325061
7	0.981357890717982	0.0550727178083829	7	1.03885116977044	0.593808858368047	-66	0.960542359954351	1.00217342148161	0.814412517549145	1.26328982199172
7	0.977671587036225	0.0525609166659384	7	0.997588664160209	0.571483666149385	-63	0.957805427867702	0.997537746204749	0.781588141450676	1.21358918686974
10	0.9677392581061	0.0644794017428115	10	0.989681181825714	0.481739206202809	-60	0.947349080938868	0.988129435273331	0.837341868845474	1.14202049480595
10	0.972318511585777	0.0645836491201273	10	0.978492044360182	0.503385747071869	-57	0.951895368503303	0.99274165466825	0.819307494118928	1.13767659460144
10	0.974433196228242	0.0685931726418312	10	1.00077850556526	0.476098564712189	-54	0.952742130479709	0.996124261976776	0.850222920042501	1.15133409108802
10	0.985085313480439	0.0605406780889164	10	0.98109024316182	0.43723927765645	-51	0.965940670095237	1.00422995686564	0.842823043173705	1.11935744314994
10	0.980302164359313	0.057250420642068	10	0.956470154062224	0.44826855639935	-48	0.962197991736148	0.998406336982479	0.814715189896464	1.09822511822798
10	0.989446585073812	0.0510337587333981	10	0.961384342102531	0.462693156717503	-45	0.973308293558107	1.00558487658952	0.815067918802476	1.10770076540259
11	0.993174768111491	0.0408553211150094	11	0.981538364219421	0.438878248720501	-42	0.980856425308948	1.00549311091403	0.849211593341769	1.11386513509707
11	0.99056681797565	0.0485381041852236	11	0.965316252757779	0.373831939772918	-39	0.975932028919508	1.00520160703179	0.852601681950733	1.07803082356483
12	0.982839435649183	0.0531741720100399	12	0.927934079543299	0.284577741303875	-36	0.967489374387217	0.998189496911149	0.845783561769715	1.01008459731688
12	0.982198114981156	0.0496189391933255	12	0.929643149315799	0.248055131722116	-33	0.967874361031071	0.996521868931241	0.858035800778983	1.00125049785261
12	0.981604233837937	0.0666128817064559	12	0.950129621899807	0.284154866117939	-30	0.962374751245577	1.0008337164303	0.86810117767744	1.03215806612217
12	0.998496277905128	0.0319239458570201	12	0.959991630831682	0.25260629070092	-27	0.989280628538055	1.0077119272722	0.887070475864098	1.03291278579927
12	1.00040681624074	0.0264969026822192	12	0.99450389711101	0.221411832380036	-24	0.992757819292604	1.00805581318887	0.930587806597819	1.0584199876242
12	0.990541168705998	0.0372723334785893	12	0.960738350447266	0.18882703362864	-21	0.979781572822404	1.00130076458959	0.906228681099379	1.01524801979515
13	0.990719122280691	0.0357443473099353	13	0.971763105196503	0.201166022543922	-18	0.980805424047309	1.00063282051407	0.915969689107021	1.02755652128598
13	0.988226261409247	0.0436665972587935	13	0.942730643130117	0.16286845402114	-15	0.976115326375276	1.00033719644322	0.897559061427904	0.98790222483233
13	0.994963514756651	0.0456508878534324	13	0.985304416324851	0.1325407662222	-12	0.982302236531574	1.00762479298173	0.948544221809203	1.0220646108405
13	1.00669338121491	0.0294672600948646	13	1.0302262535921	0.11743612400673	-9	0.998520633736488	1.01486612869333	0.997655333076868	1.06279717410733
13	1.00632179729118	0.0290433710413816	13	1.02752223355541	0.0902243398662195	-6	0.99826661548333	1.01437697909903	1.00249850404137	1.05254596306946
13	1.00635951582419	0.030103892595359	13	1.02635986977169	0.0661609256424863	-3	0.998010198259299	1.01470883338909	1.00801013055352	1.04470960898985
13	1	0	13	1	0	0	1	1	1	1
13	1.03894779907861	0.0497697044284427	13	1.03081318310486	0.126135241352073	3	1.02514416667234	1.05275143148487	0.995829561540407	1.06579680466932
13	1.30285260005694	0.478669386656414	13	1.1306510505277	0.225188613013092	6	1.17009359870428	1.43561160140961	1.06819496661468	1.19310713444073
13	0.935643754611807	0.177086748353461	13	1.17050485548699	0.310364174249261	9	0.886528727581531	0.984758781642084	1.08442532130831	1.25658438966566
13	0.983100750749629	0.117806617266792	13	1.15307398933029	0.286184211408592	12	0.950427073892369	1.01577442760689	1.07370077021784	1.23244720844275
13	1.02995361813084	0.12038349810765	13	1.12257082103135	0.350950303302559	15	0.99656524311954	1.06334199314213	1.02523471997773	1.21990692208497
12	1.03727108811154	0.0922561696024335	12	1.0693545889019	0.198036852632147	18	1.01063902593436	1.06390315028873	1.01218627381359	1.12652290399022
11	1.04762749282936	0.0867968190946117	11	1.19084039907208	0.277028721615059	21	1.02145726719907	1.07379771845965	1.10731309673127	1.2743677014129
11	1.06402579791934	0.0977494511683363	11	1.25570103989548	0.264698008811673	24	1.03455322946583	1.09349836637284	1.17589158735162	1.33551049243935
10	1.07399077322364	0.079674120439644	10	1.27031967234887	0.332284247747003	27	1.04879560410766	1.09918594233963	1.16524216700124	1.37539717769649
8	1.08694734008985	0.0713930526756799	8	1.30657023092055	0.326618955132745	30	1.06170608425156	1.11218859592814	1.19109299190134	1.42204746993976
8	1.06648426043165	0.0804396035860224	8	1.32430065505114	0.412157454216092	33	1.03804456584583	1.09492395501746	1.17858098965475	1.47002032044753
7	1.0398698290374	0.0654380896993573	7	1.43766502133408	0.404925742967076	36	1.01513655594946	1.06460310212535	1.28461747628565	1.5907125663825
5	1.03919800399925	0.0746762250577219	5	1.56272815424877	0.478111457282426	39	1.00580178089283	1.07259422710568	1.34891021038777	1.77654609810977
4	1.02199543112741	0.0710614202416887	4	1.52111302453498	0.610627470023791	42	0.98646472100657	1.05752614124826	1.21579928952309	1.82642675954688
2	1.0963647280465	0.0232570134164622	2	1.98959168309007	0.874067886885804	45	1.07991953614957	1.11280991994342	1.37153235305572	2.60765101312442
2	1.05893994136592	0.0500046454024303	2	1.9075033834502	0.827301481938369	48	1.02358131751103	1.0942985652208	1.3225128954859	2.4924938714145
2	1.04317859966448	0.0317726951791417	2	1.89948530963289	0.805471713286688	51	1.02071191144674	1.06564528788223	1.32993079911393	2.46903982015185
1	0.961743659251645	NA	1	2.1281591824803	NA	54	NA	NA	NA	NA
1	0.976893679428289	NA	1	2.02897867680905	NA	57	NA	NA	NA	NA
