"n_1"	"mean_1"	"sd_1"	"n_2"	"mean_2"	"sd_2"	"time"	"lower_1"	"upper_1"	"lower_2"	"upper_2"
2	1.05936860463315	0	2	0.752824679879727	0	-105	1.05936860463315	1.05936860463315	0.752824679879727	0.752824679879727
2	1.05744092314844	0	2	0.758249596013147	0	-102	1.05744092314844	1.05744092314844	0.758249596013147	0.758249596013147
2	1.06931303419039	0	2	0.776573409592842	0	-99	1.06931303419039	1.06931303419039	0.776573409592842	0.776573409592842
2	1.07612317348179	0	2	0.790811496829605	0	-96	1.07612317348179	1.07612317348179	0.790811496829605	0.790811496829605
3	1.03209050722773	0.0294375026929129	3	0.730553714595593	0.0327254865283942	-93	1.01509475712371	1.04908625733176	0.711659646139063	0.749447783052123
4	1.03398206365425	0.0549257708820034	4	0.745177422850576	0.0482165027225684	-90	1.00651917821324	1.06144494909525	0.721069171489291	0.76928567421186
5	0.992250941901565	0.0762675006358997	5	0.731436726740081	0.0427557753516204	-87	0.958143078722389	1.02635880508074	0.712315762716694	0.750557690763467
5	1.0057785526858	0.0929783205644184	5	0.761024157339585	0.0585271255169884	-84	0.964197383642644	1.04735972172897	0.734850031102855	0.787198283576314
5	0.993802986791218	0.0632529644629917	5	0.75752414294563	0.0405624474242217	-81	0.965515401127692	1.02209057245474	0.739384064990766	0.775664220900494
5	0.994224099016886	0.0535044414017368	5	0.778847585849517	0.0228150483982474	-78	0.970296185402399	1.01815201263137	0.768644386023831	0.789050785675202
5	1.0088721050797	0.0559665284563111	5	0.804507833388374	0.0440120491398084	-75	0.983843112661102	1.0339010974983	0.784825046647239	0.824190620129508
5	1.01192736650827	0.0360716134228269	5	0.815391441915138	0.0430904814717853	-72	0.995795650573967	1.02805908244258	0.796120792764316	0.834662091065959
5	0.992544772125968	0.0433302375542116	5	0.796525538442793	0.0177161803008329	-69	0.973166900795482	1.01192264345645	0.788602621751932	0.804448455133654
5	1.00941852157211	0.0542384482051353	5	0.831500367505931	0.0463417526810965	-66	0.985162350135952	1.03367469300827	0.810775705667648	0.852225029344214
5	1.02860995363112	0.0480090705230691	5	0.861775496090331	0.0518592472539471	-63	1.00713964458589	1.05008026267636	0.838583335665972	0.88496765651469
5	1.00658649796033	0.0453584763073534	5	0.837546140810989	0.0316296725727392	-60	0.986301570684518	1.02687142523614	0.823400921215248	0.85169136040673
6	0.989975664964788	0.0473982844771169	6	0.836503157874817	0.0396159182230524	-57	0.970625396356085	1.00932593357349	0.820330026985099	0.852676288764534
6	1.02731211251784	0.0663088739199032	6	0.892960365185132	0.0866245772215005	-54	1.00024162809745	1.05438259693822	0.8575960296223	0.928324700747965
6	1.00557625990318	0.0463321284709611	6	0.87147580756831	0.0367855241646497	-51	0.986661247661355	1.024491272145	0.856458180214274	0.886493434922345
6	1.02543874833213	0.0748582583971187	6	0.914520879351911	0.0845668900312124	-48	0.994877992314408	1.05599950434986	0.879996591066823	0.949045167636999
6	1.03523892669715	0.0618158218768218	6	0.938774562083037	0.0933426817069866	-45	1.01000272309232	1.06047513030198	0.900667571848848	0.976881552317227
6	1.02068401094612	0.0583856782512904	6	0.935902425457557	0.0788313069851187	-42	0.996848157612453	1.04451986427978	0.903719679145851	0.968085171769264
6	1.01607367054385	0.0643026016226077	6	0.93932508098324	0.0884156208762113	-39	0.989822243359043	1.04232509772866	0.903229554910226	0.975420607056255
6	1.00067949701491	0.0530285990012935	6	0.93569230662332	0.0688412352285008	-36	0.979030662126937	1.02232833190288	0.907587990027864	0.963796623218776
6	1.02105560539987	0.0347308806322313	6	0.960710208234251	0.0588467932517271	-33	1.00687678275546	1.03523442804429	0.936686105489953	0.984734310978549
6	1.01978197552712	0.056837417989245	6	0.968070183013112	0.0840330453440929	-30	0.996578196798635	1.04298575425561	0.933763835908914	1.00237653011731
7	1.01066056433855	0.0501499660137172	7	0.960767688503058	0.0766134730503247	-27	0.991705658862742	1.02961546981435	0.931810517536186	0.989724859469931
7	1.01144457867831	0.0620764662919868	7	0.968811887082265	0.0973411741421116	-24	0.987981879809988	1.03490727754664	0.932020381495542	1.00560339266899
7	1.00320541870664	0.053190165964518	7	0.963051176835628	0.090002320141849	-21	0.983101425658585	1.02330941175469	0.929033497333607	0.99706885633765
7	1.00267679203367	0.0504602560882071	7	0.968504781475631	0.0847435654894071	-18	0.983604607933379	1.02174897613396	0.936474724404505	1.00053483854676
8	0.985121385257471	0.0540449114217689	8	0.950074788048308	0.0798300598501781	-15	0.966013623579991	1.00422914693495	0.921850599717014	0.978298976379603
8	0.996155995819621	0.0529902158330903	8	0.972831177600676	0.0860480177446897	-12	0.977421125343562	1.01489086629568	0.94240860917321	1.00325374602814
8	0.984634125713454	0.0528615673903563	8	0.970020007441526	0.0823726545516647	-9	0.965944739330518	1.00332351209639	0.940896876132617	0.999143138750436
8	0.993822424879256	0.0509507839937499	8	0.986963056605478	0.0751589622840151	-6	0.97580860244488	1.01183624731363	0.960390350656493	1.01353576255446
8	0.982949231355659	0.0471706343044345	8	0.985074135979045	0.0758424368564785	-3	0.966271893660891	0.999626569050427	0.958259785277581	1.01188848668051
8	1	0	8	1	0	0	1	1	1	1
9	1.02614522991222	0.0284199618716019	9	1.04791079430159	0.0501134249670186	3	1.01667190928835	1.03561855053609	1.03120631931259	1.0646152692906
9	1.12795591114894	0.107780145862269	9	1.13325209517589	0.0990878079184768	6	1.09202919586152	1.16388262643636	1.10022282586973	1.16628136448205
8	1.22590996150529	0.140809371436489	8	1.19892271878217	0.0902173266154565	9	1.17612633080661	1.27569359220396	1.16702607706701	1.23081936049732
8	1.22296805485887	0.146773943796511	8	1.22751515530729	0.120027452405786	12	1.17107562937887	1.27486048033887	1.18507904254495	1.26995126806963
8	1.19352054328534	0.138134003339868	8	1.22547895433759	0.121335428020551	15	1.14468279804831	1.24235828852238	1.18258040236184	1.26837750631334
7	1.19248354445536	0.133835497153682	7	1.23482942242553	0.14454708664894	18	1.14189848130374	1.24306860760698	1.18019575899525	1.28946308585582
7	1.16533215059097	0.115161421176305	7	1.2422215226724	0.131593512315646	21	1.12180522472507	1.20885907645686	1.19248385013859	1.29195919520622
5	1.15517493118908	0.120109624671174	5	1.23761094121226	0.155508273239546	24	1.10146027408574	1.20888958829243	1.16806552720682	1.30715635521771
5	1.11369930874845	0.104078357701181	5	1.21125276291756	0.132527129482532	27	1.06715405218717	1.16024456530972	1.15198482884039	1.27052069699473
5	1.08336944921957	0.0919529354526215	5	1.19004476463683	0.106901875606187	30	1.04224684633903	1.12449205210011	1.1422367924813	1.23785273679236
5	1.08310102105607	0.0912899745559617	5	1.22517751555415	0.141258517438416	33	1.0422749033018	1.12392713881034	1.16200478607552	1.28835024503278
4	1.05072689819305	0.123143245580137	4	1.20470537740644	0.153830076053128	36	0.989155275402982	1.11229852098312	1.12779033937988	1.281620415433
4	1.05089055642634	0.123990292530607	4	1.22616766086808	0.171796982300578	39	0.988895410161041	1.11288570269165	1.14026916971779	1.31206615201837
4	1.06301519934646	0.0832567836898866	4	1.2917672089933	0.170017157277004	42	1.02138680750152	1.10464359119141	1.2067586303548	1.3767757876318
3	1.00036746053532	0.0969521741421304	3	1.17088179971448	0.168414005289263	45	0.944392096695846	1.0563428243748	1.07364792842542	1.26811567100353
3	1.00044432596818	0.0958102073050093	3	1.16446566218888	0.14739726023984	48	0.94512827698952	1.05576037494684	1.0793658143116	1.24956551006617
3	0.979819976009825	0.120903120243594	3	1.16478389534094	0.169329304049918	51	0.91001652699132	1.04962342502833	1.06702157606603	1.26254621461585
3	0.932776302377002	0.16990000023745	3	1.10495634680215	0.187856116801145	54	0.834684491504593	1.03086811324941	0.996497567198089	1.21341512640621
2	0.869603729050896	0.142946745289709	2	1.02691536512525	0.0996122854324796	57	0.768525116107997	0.970682341993795	0.956478842606451	1.09735188764404
2	0.8780674988607	0.151823124968213	2	1.06087292819764	0.0881520312374428	60	0.770712337654744	0.985422660066656	0.998540029134271	1.123205827261
