"Frame"	"Average_mean_Ch1"	"Average_mean_Ch2"	"Average_mean_Ch3"	"Time"	"Time_offset"
3	374.88	475.32	277.88	6	-27
4	358.44	459.52	305.76	9	-24
5	348.217	446.913	292.391	12	-21
6	380.8395	493.8035	278.25	15	-18
7	406.013	557.9205	293.8615	18	-15
8	405.548	539.667	281.071	21	-12
9	379.286	509.405	308.167	24	-9
10	361.038	501.038	292.654	27	-6
11	373.447	534.553	297.553	30	-3
12	378.417	549.056	301.861	33	0
13	412.993666666667	613.270333333333	316.608666666667	36	3
14	586.246666666667	826.567	327.160666666667	39	6
15	667.577666666667	905.533333333333	319.624666666667	42	9
16	599.266	796.4	329.7195	45	12
17	488.593	670.0025	302.59	48	15
18	482.954	663.382	308.949	51	18
19	491.3905	736.566	296.7075	54	21
20	523.487666666667	803.525	288.381666666667	57	24
21	533.257333333333	879.167333333333	288.768666666667	60	27
22	532.513	890.021	292.403	63	30
23	581.932	1023.875	308.461333333333	66	33
24	636.324	1103.406	318.831666666667	69	36
25	709.090333333333	1236.65933333333	309.767333333333	72	39
26	735.42	1285.3345	317.2045	75	42
