"Frame"	"Average_mean_Ch1"	"Average_mean_Ch2"	"Average_mean_Ch3"	"Time"	"Time_offset"
1	NA	NA	NA	0	-36
2	NA	NA	NA	3	-33
3	NA	NA	NA	6	-30
4	NA	NA	NA	9	-27
5	NA	NA	NA	12	-24
6	NA	NA	NA	15	-21
7	NA	NA	NA	18	-18
8	432.165	922.242	350.956	21	-15
9	432.6255	963.5605	438.517	24	-12
10	418.545	923.541	504.997666666667	27	-9
11	374.605666666667	797.887	577.692333333333	30	-6
12	334.667	678.5605	756.503	33	-3
13	349.032333333333	731.066666666667	600.036	36	0
14	372.1525	791.2845	459.08425	39	3
15	370.485	800.270333333333	468.242333333333	42	6
16	422.48175	964.34425	454.5255	45	9
17	373.49025	881.694	439.91575	48	12
18	380.298	883.674	455.2905	51	15
19	380.222666666667	875.880333333333	512.865666666667	54	18
20	362.255	837.345	556.9245	57	21
21	408.989	1032.78366666667	619.380666666667	60	24
22	376.685	984.225	511.321666666667	63	27
23	390.198	972.509	639.144666666667	66	30
24	379.1505	1012.0255	518.231	69	33
25	447.028	1251.631	592.5065	72	36
26	NA	NA	NA	75	39
27	NA	NA	NA	78	42
28	NA	NA	NA	81	45
