"Frame"	"Average_mean_Ch1"	"Average_mean_Ch2"	"Average_mean_Ch3"	"Time"	"Time_offset"
1	NA	NA	NA	0	-18
2	NA	NA	NA	3	-15
3	NA	NA	NA	6	-12
4	NA	NA	NA	9	-9
5	NA	NA	NA	12	-6
6	NA	NA	NA	15	-3
7	NA	NA	NA	18	0
8	NA	NA	NA	21	3
9	NA	NA	NA	24	6
10	399.818333333333	469.674333333333	661.992333333333	27	9
11	359.682666666667	445.526666666667	637.760666666667	30	12
12	343.83325	415.35925	624.208	33	15
13	326.6795	397.322	619.16125	36	18
14	332.52525	465.79875	623.7695	39	21
15	352.966333333333	495.138333333333	673.386666666667	42	24
16	361.383333333333	501.344333333333	796.645333333333	45	27
17	342.416	472.264333333333	662.665666666667	48	30
18	360.23	520.2705	701.63	51	33
19	389.9695	578.0845	787.9895	54	36
20	370.8445	557.942	738.184	57	39
21	366.5335	539.685	745.0495	60	42
22	381.458666666667	576.834333333333	768.623333333333	63	45
23	348.197	510.073666666667	728.918	66	48
24	319.668	462.938666666667	668.063333333333	69	51
25	280.2565	397.5795	535.6835	72	54
26	249.35	296.733	425.017	75	57
27	246.6	289.556	428.556	78	60
28	298.96275	458.919	766.482	81	63
29	304.399	468.867	891.668666666667	84	66
30	324.5325	502.6615	1095.6245	87	69
