"Frame"	"Average_mean_Ch1"	"Average_mean_Ch2"	"Average_mean_Ch3"	"Time"	"Time_offset"
1	864.4548	359.4564	886.554	0	-48
2	873.674	365.3518	924.7938	3	-45
3	826.584	351.5908	940.7534	6	-42
4	734.14475	318.12775	1103.5625	9	-39
5	870.217666666667	366.256666666667	963.0355	12	-36
6	773.93	332.827	1009.7836	15	-33
7	787.7998	348.7688	1002.2218	18	-30
8	816.72925	354.057	1078.9305	21	-27
9	812.0454	352.5634	1034.8956	24	-24
10	872.2095	390.9925	931.356833333333	27	-21
11	778.97625	355.181	1033.02	30	-18
12	754.014666666667	329.509333333333	1241.52866666667	33	-15
13	791.063333333333	339.514	1315.58066666667	36	-12
14	783.3765	339.579	1592.4295	39	-9
15	737.058	346.953666666667	1475.85133333333	42	-6
16	779.117	362.86375	1230.29575	45	-3
17	818.6345	376.00975	1216.12225	48	0
18	1040.1745	449.381666666667	1150.65383333333	51	3
19	1048.93433333333	442.3395	1241.04516666667	54	6
20	1055.37625	438.46925	1361.10075	57	9
21	1043.56133333333	459.557333333333	1333.57333333333	60	12
22	1032.131	467.25	1340.6365	63	15
