"Frame"	"Average_mean_Ch1"	"Average_mean_Ch2"	"Average_mean_Ch3"	"Time"	"Time_offset"
1	1008.8695	403.053	858.01	0	-48
2	849.3795	387.3155	990.271	3	-45
3	935.841	419.609	985.633	6	-42
4	901.993666666667	411.964	881.303666666667	9	-39
5	834.692333333333	394.431333333333	907.229666666667	12	-36
6	900.61275	422.04875	784.16825	15	-33
7	961.3622	429.128	754.6814	18	-30
8	965.79125	460.06425	801.51675	21	-27
9	913.78575	439.10675	820.0815	24	-24
10	933.426	440.4664	765.968	27	-21
11	901.167	418.13575	824.19175	30	-18
12	863.4158	422.9502	752.5074	33	-15
13	899.961	406.706	776.3322	36	-12
14	903.516	431.0705	808.28775	39	-9
15	943.0064	473.2382	774.7564	42	-6
16	856.21075	440.35475	810.108	45	-3
17	979.419833333333	487.7885	710.533	48	0
18	1010.52366666667	509.746	749.548333333333	51	3
19	1006.8765	546.58625	773.30125	54	6
20	930.632	501.022	671.3516	57	9
21	1005.56633333333	482.525	791.839333333333	60	12
22	892.7922	470.918	640.8148	63	15
