"Frame"	"Average_mean_Ch1"	"Average_mean_Ch2"	"Average_mean_Ch3"	"Time"	"Time_offset"
1	327.53525	392.134	745.0125	0	-18
2	302.675	345.545	850.989	3	-15
3	302.811	349.69125	743.65575	6	-12
4	303.1545	344.45325	698.243	9	-9
5	303.57125	348.30625	709.276	12	-6
6	295.622	337.2155	787.99375	15	-3
7	298.7325	352.2455	736.52925	18	0
8	295.298333333333	342.548666666667	858.208666666667	21	3
9	349.093	427.972	995.813	24	6
10	454.023333333333	464.088	936.147	27	9
11	418.88625	541.51575	757.195	30	12
12	425.598333333333	588.740333333333	725.899666666667	33	15
13	408.186666666667	564.037	791.755333333333	36	18
14	380.061666666667	559.705333333333	727.797333333333	39	21
15	369.425666666667	545.993333333333	734.669666666667	42	24
16	360.870333333333	530.005333333333	722.609666666667	45	27
17	355.3485	532.2555	648.626	48	30
18	355.112	558.477333333333	680.065333333333	51	33
19	342.833	530.493666666667	678.473	54	36
20	351.834666666667	545.768	693.523666666667	57	39
21	338.578	523.395	684.830333333333	60	42
22	326.453	525.182666666667	633.477333333333	63	45
23	319.836666666667	497.006666666667	636.714	66	48
24	318.632	480.104333333333	662.428333333333	69	51
25	315.504	456.006333333333	676.588333333333	72	54
26	322.427333333333	516.096333333333	647.527333333333	75	57
27	306.436	513.318333333333	624.639333333333	78	60
28	331.0605	605.567	715.872	81	63
29	317.809	551.2685	718.744	84	66
30	307.652	523.122	652.0885	87	69
