"Frame"	"Average_mean_Ch1"	"Average_mean_Ch2"	"Average_mean_Ch3"	"Time"	"Time_offset"
1	NA	NA	NA	0	-93
2	NA	NA	NA	3	-90
3	NA	NA	NA	6	-87
4	NA	NA	NA	9	-84
5	NA	NA	NA	12	-81
6	NA	NA	NA	15	-78
7	NA	NA	NA	18	-75
8	NA	NA	NA	21	-72
9	NA	NA	NA	24	-69
10	NA	NA	NA	27	-66
11	NA	NA	NA	30	-63
12	NA	NA	NA	33	-60
13	NA	NA	NA	36	-57
14	NA	NA	NA	39	-54
15	NA	NA	NA	42	-51
16	NA	NA	NA	45	-48
17	NA	NA	NA	48	-45
18	NA	NA	NA	51	-42
19	NA	NA	NA	54	-39
20	NA	NA	NA	57	-36
21	NA	NA	NA	60	-33
22	NA	NA	NA	63	-30
23	NA	NA	NA	66	-27
24	NA	NA	NA	69	-24
25	NA	NA	NA	72	-21
26	NA	NA	NA	75	-18
27	NA	NA	NA	78	-15
28	NA	NA	NA	81	-12
29	NA	NA	NA	84	-9
30	NA	NA	NA	87	-6
31	NA	NA	NA	90	-3
32	NA	NA	NA	93	0
33	238.139483065954	256.3575708061	294.841899386017	96	3
34	294.449988140417	356.219097881088	292.656380455408	99	6
35	235.822872284049	366.846210916799	299.46297827239	102	9
36	219.6324435891	419.951384821354	290.135260647645	105	12
37	204	298.285714285714	275.857142857143	108	15
38	211.95652173913	268.434782608696	288.739130434783	111	18
39	228.314285714286	317.6	284.685714285714	114	21
40	236.215340179718	399.168164313222	291.240051347882	117	24
41	239.113695090439	428.369509043928	298.529198966408	120	27
42	227.730953891099	465.134132887428	293.121678294797	123	30
43	223.311786186309	466.354337002096	284.749688952693	126	33
44	224.360737664505	447.22429040088	282.729973072401	129	36
45	224.406247335891	414.929670183291	290.212960890878	132	39
46	233.342876421182	426.681809351648	292.832529100435	135	42
47	234.287554426705	496.710994194485	308.783381712627	138	45
48	NA	NA	NA	141	48
49	NA	NA	NA	144	51
50	NA	NA	NA	147	54
51	NA	NA	NA	150	57
