"Frame"	"Average_mean_Ch1"	"Average_mean_Ch2"	"Average_mean_Ch3"	"Time"	"Time_offset"
1	NA	NA	NA	0	-75
2	NA	NA	NA	3	-72
3	NA	NA	NA	6	-69
4	NA	NA	NA	9	-66
5	NA	NA	NA	12	-63
6	NA	NA	NA	15	-60
7	NA	NA	NA	18	-57
8	NA	NA	NA	21	-54
9	NA	NA	NA	24	-51
10	NA	NA	NA	27	-48
11	NA	NA	NA	30	-45
12	NA	NA	NA	33	-42
13	NA	NA	NA	36	-39
14	NA	NA	NA	39	-36
15	NA	NA	NA	42	-33
16	NA	NA	NA	45	-30
17	NA	NA	NA	48	-27
18	NA	NA	NA	51	-24
19	NA	NA	NA	54	-21
20	NA	NA	NA	57	-18
21	NA	NA	NA	60	-15
22	NA	NA	NA	63	-12
23	NA	NA	NA	66	-9
24	NA	NA	NA	69	-6
25	NA	NA	NA	72	-3
26	NA	NA	NA	75	0
27	216.077950558214	230.30701754386	325.003787878788	78	3
28	479.869577265604	459.384385073068	315.496317955382	81	6
29	298.997818228443	702.529064092383	303.211877936602	84	9
30	249.111324041812	780.352264808362	316.644599303136	87	12
31	246.277147896196	946.431846812799	329.328420256992	90	15
32	254.054794520548	1110	342.684931506849	93	18
