"Frame"	"Average_mean_Ch1_ratio"	"Average_mean_Ch2_ratio"	"Average_mean_Ch3_ratio"	"Time"	"Time_offset"
24	NA	NA	NA	69	-12
25	NA	NA	NA	72	-9
26	NA	NA	NA	75	-6
27	NA	NA	NA	78	-3
28	0.985653285659702	0.974516444030718	1.01212410729219	81	0
29	1.00801503860792	1.07476832141271	1.00883273296393	84	3
30	0.986072129026509	1.05717291476552	0.997184595212643	87	6
31	1.00197348981572	1.0215778064875	1.04152839676114	90	9
32	1.02701428654253	1.07078756111275	1.01106514491707	93	12
33	1.05892424290107	1.09157060361165	1.02883777487187	96	15
