"Frame"	"Average_mean_Ch1"	"Average_mean_Ch2"	"Average_mean_Ch3"	"Time"	"Time_offset"
1	NA	NA	NA	0	-93
2	NA	NA	NA	3	-90
3	NA	NA	NA	6	-87
4	NA	NA	NA	9	-84
5	NA	NA	NA	12	-81
6	NA	NA	NA	15	-78
7	NA	NA	NA	18	-75
8	NA	NA	NA	21	-72
9	NA	NA	NA	24	-69
10	NA	NA	NA	27	-66
11	NA	NA	NA	30	-63
12	NA	NA	NA	33	-60
13	NA	NA	NA	36	-57
14	NA	NA	NA	39	-54
15	NA	NA	NA	42	-51
16	NA	NA	NA	45	-48
17	NA	NA	NA	48	-45
18	NA	NA	NA	51	-42
19	NA	NA	NA	54	-39
20	NA	NA	NA	57	-36
21	NA	NA	NA	60	-33
22	NA	NA	NA	63	-30
23	NA	NA	NA	66	-27
24	NA	NA	NA	69	-24
25	NA	NA	NA	72	-21
26	NA	NA	NA	75	-18
27	NA	NA	NA	78	-15
28	NA	NA	NA	81	-12
29	NA	NA	NA	84	-9
30	NA	NA	NA	87	-6
31	NA	NA	NA	90	-3
32	NA	NA	NA	93	0
33	234.916666666667	360.875	226.958333333333	96	3
34	229.799043062201	378.727272727273	294.265550239234	99	6
35	231.026666666667	411.6925	278.4025	102	9
36	221.355769230769	415.92467948718	285.891025641026	105	12
37	236.924812030075	292.193609022556	282.968045112782	108	15
38	250.55505952381	294.94494047619	295.181547619048	111	18
39	254.391203703704	364.520833333333	284.608796296296	114	21
40	252.97676161919	363.919790104948	289.170164917541	117	24
41	244.346070596071	348.874042624043	286.887279387279	120	27
42	243.551282051282	389.684615384615	281.307692307692	123	30
43	247.869444444444	368.55	287.177777777778	126	33
44	257.615384615385	390.192307692308	296.192307692308	129	36
45	250.353395061728	337.818827160494	290.156481481481	132	39
46	237.568055555556	374.227083333333	296.797916666667	135	42
47	245.157670454545	439.113162878788	301.278409090909	138	45
48	NA	NA	NA	141	48
49	NA	NA	NA	144	51
50	NA	NA	NA	147	54
51	NA	NA	NA	150	57
