"Frame"	"Average_mean_Ch1_ratio"	"Average_mean_Ch2_ratio"	"Average_mean_Ch3_ratio"	"Time"	"Time_offset"
1	NA	NA	NA	0	-93
2	NA	NA	NA	3	-90
3	NA	NA	NA	6	-87
4	NA	NA	NA	9	-84
5	NA	NA	NA	12	-81
6	NA	NA	NA	15	-78
7	NA	NA	NA	18	-75
8	NA	NA	NA	21	-72
9	NA	NA	NA	24	-69
10	NA	NA	NA	27	-66
11	NA	NA	NA	30	-63
12	NA	NA	NA	33	-60
13	NA	NA	NA	36	-57
14	NA	NA	NA	39	-54
15	NA	NA	NA	42	-51
16	NA	NA	NA	45	-48
17	NA	NA	NA	48	-45
18	NA	NA	NA	51	-42
19	NA	NA	NA	54	-39
20	NA	NA	NA	57	-36
21	NA	NA	NA	60	-33
22	NA	NA	NA	63	-30
23	NA	NA	NA	66	-27
24	NA	NA	NA	69	-24
25	NA	NA	NA	72	-21
26	NA	NA	NA	75	-18
27	NA	NA	NA	78	-15
28	NA	NA	NA	81	-12
29	NA	NA	NA	84	-9
30	NA	NA	NA	87	-6
31	NA	NA	NA	90	-3
32	NA	NA	NA	93	0
33	1.01158805085077	1.02562021954325	0.782644090918372	96	3
34	0.882124681833961	1.00688655289248	1.00998899072616	99	6
35	1.05776236771943	1.0387679695982	0.960507615964041	102	9
36	1.01788509304505	1.02023277563317	0.981217426190111	105	12
37	1.07415844877584	0.695142420771517	0.984311368026717	108	15
38	1.12488566352483	0.647762632966409	1.02366708879486	111	18
39	1.14564844211665	0.799904731712197	0.977755497159436	114	21
40	1.13574028223901	0.78654269221806	0.995439740549701	117	24
41	1.0985304348741	0.760999261715884	0.983478362080302	120	27
42	1.10217196419947	0.805058175426576	0.966810084723079	123	30
43	1.12618560768948	0.764657059574849	0.994775108735999	126	33
44	1.16591556578614	0.738298236617293	1.02608228496936	129	36
45	1.14539279817114	0.653709402742816	0.994237350135285	132	39
46	1.04281285253436	0.619794251171726	1.00000260607411	135	42
47	1.07618796949225	0.711598593699393	1.01400943007581	138	45
48	NA	NA	NA	141	48
49	NA	NA	NA	144	51
50	NA	NA	NA	147	54
51	NA	NA	NA	150	57
