"Frame"	"Average_mean_Ch1"	"Average_mean_Ch2"	"Average_mean_Ch3"	"Time"	"Time_offset"
1	NA	NA	NA	0	-93
2	NA	NA	NA	3	-90
3	NA	NA	NA	6	-87
4	NA	NA	NA	9	-84
5	NA	NA	NA	12	-81
6	NA	NA	NA	15	-78
7	NA	NA	NA	18	-75
8	NA	NA	NA	21	-72
9	NA	NA	NA	24	-69
10	NA	NA	NA	27	-66
11	NA	NA	NA	30	-63
12	NA	NA	NA	33	-60
13	NA	NA	NA	36	-57
14	NA	NA	NA	39	-54
15	NA	NA	NA	42	-51
16	NA	NA	NA	45	-48
17	NA	NA	NA	48	-45
18	NA	NA	NA	51	-42
19	NA	NA	NA	54	-39
20	NA	NA	NA	57	-36
21	NA	NA	NA	60	-33
22	NA	NA	NA	63	-30
23	NA	NA	NA	66	-27
24	NA	NA	NA	69	-24
25	NA	NA	NA	72	-21
26	NA	NA	NA	75	-18
27	NA	NA	NA	78	-15
28	NA	NA	NA	81	-12
29	NA	NA	NA	84	-9
30	NA	NA	NA	87	-6
31	NA	NA	NA	90	-3
32	NA	NA	NA	93	0
33	240.66575	251.97775	390.11	96	3
34	394.33625	370.09125	370.993	99	6
35	278.582666666667	379.44	386.773666666667	102	9
36	246.866	418.316	348.979	105	12
37	203.672	285.19	297.638	108	15
38	213.452	267.387	305.935	111	18
39	231.738	298.7	319.625	114	21
40	245.414	390.592	345.9185	117	24
41	248.226	412.6115	373.8375	120	27
42	246.648	429.862333333333	369.685666666667	123	30
43	243.44975	455.26325	359.48925	126	33
44	245.25975	446.94075	352.65325	129	36
45	242.41	426.30325	358.034	132	39
46	254.57175	424.296	367.258	135	42
47	277.414	502.255	431.4195	138	45
48	NA	NA	NA	141	48
49	NA	NA	NA	144	51
50	NA	NA	NA	147	54
51	NA	NA	NA	150	57
