"Frame"	"Average_mean_Ch1_ratio"	"Average_mean_Ch2_ratio"	"Average_mean_Ch3_ratio"	"Time"	"Time_offset"
1	NA	NA	NA	0	-75
2	NA	NA	NA	3	-72
3	NA	NA	NA	6	-69
4	NA	NA	NA	9	-66
5	NA	NA	NA	12	-63
6	NA	NA	NA	15	-60
7	NA	NA	NA	18	-57
8	NA	NA	NA	21	-54
9	NA	NA	NA	24	-51
10	NA	NA	NA	27	-48
11	NA	NA	NA	30	-45
12	NA	NA	NA	33	-42
13	NA	NA	NA	36	-39
14	NA	NA	NA	39	-36
15	NA	NA	NA	42	-33
16	NA	NA	NA	45	-30
17	NA	NA	NA	48	-27
18	NA	NA	NA	51	-24
19	NA	NA	NA	54	-21
20	NA	NA	NA	57	-18
21	NA	NA	NA	60	-15
22	NA	NA	NA	63	-12
23	NA	NA	NA	66	-9
24	NA	NA	NA	69	-6
25	NA	NA	NA	72	-3
26	NA	NA	NA	75	0
27	1.01313963351053	0.39689728102773	1.07810159646952	78	3
28	2.34509601532694	0.736851345896147	1.05336277097183	81	6
29	1.55934905546464	1.03148496895693	1.01328619397636	84	9
30	1.23600119318625	1.11627671463324	1.07013967184875	87	12
31	1.25654227528899	1.45693069710161	1.11694474777498	90	15
32	1.24835276227403	1.4972963843492	1.1453529981641	93	18
